version https://git-lfs.github.com/spec/v1
oid sha256:832a53f66611e82b9e49620d2c6aed07a2617335d7be0edbce86a184115adc12
size 3302
