version https://git-lfs.github.com/spec/v1
oid sha256:4855eb29e1d16e7a917eb26520cacd0540f48a9ee2f557412961fb9e5030c664
size 103
