version https://git-lfs.github.com/spec/v1
oid sha256:c4bf6181f6fe0735c73c9046cd98c91f53bfe74b0e1a3af58d26ee613a8d7184
size 3105
