version https://git-lfs.github.com/spec/v1
oid sha256:eebad9e46b6a1c4eea5e57618d16b38d62c345c89a79d00c29a926c511271245
size 106
