version https://git-lfs.github.com/spec/v1
oid sha256:b179d0dfb7ac9afa5499f631ec728f8947d9e084e306d57a48677894fbb76e97
size 41
