version https://git-lfs.github.com/spec/v1
oid sha256:06e08de5125e7094cb4294a631ec3562ef9204e5ee29a459b7f366ac89568faa
size 344
